20
1 2
1 3
1 5
1 6
1 7
1 8
2 1
2 4
2 6
2 8
3 1
3 4
3 7
3 8
4 2
4 3
4 8
5 1
5 6
5 7
5 9
5 10
5 11
5 12
6 1
6 2
6 5
6 8
6 10
6 12
7 1
7 3
7 5
7 8
7 11
7 12
8 1
8 2
8 3
8 4
8 6
8 7
8 12
9 5
9 10
9 11
9 13
9 14
9 15
9 16
10 5
10 6
10 9
10 12
10 14
10 16
11 5
11 7
11 9
11 12
11 15
11 16
12 5
12 6
12 7
12 8
12 10
12 11
12 16
13 9
13 14
13 15
13 17
13 18
13 19
13 20
14 9
14 10
14 13
14 16
14 18
14 20
15 9
15 11
15 13
15 16
15 19
15 20
16 9
16 10
16 11
16 12
16 14
16 15
16 20
17 13
17 18
17 19
18 13
18 14
18 17
18 20
19 13
19 15
19 17
19 20
20 13
20 14
20 15
20 16
20 18
20 19
-1
